8904
2407
123
787
498
7713
3207
8661
477
2954
7162
2130
1651
5122
902
3375
1398
6050
5355
8135
8099
2445
2412
6984
3803
4011
9294
3757
4501
8425
8404
4278
6969
524
3441
6465
6482
8481
9622
6302
7389
4239
870
1010
6902
7821
1305
7151
1737
2053
3837
1116
2095
7816
2665
7127
657
1228
9051
5985
129
7373
1512
7272
7256
5320
4132
2832
7236
221
5835
6547
7464
3122
9309
2577
8231
4617
5463
7723
3719
436
8534
8769
6971
7936
4655
6945
9701
942
4741
2470
3094
9238
3493
4960
7309
3024
4645
2240
8071
7057
9651
6821
9293
6817
7467
3657
990
8617
9854
5607
9502
1131
1879
5809
8832
1655
9955
1995
2298
1402
5069
8812
5624
6159
7328
7917
4238
4704
4578
2318
745
8565
518
504
8626
7244
9610
7812
6294
4762
8833
9206
1600
5736
2964
1636
8010
6415
6828
6376
6910
8261
218
2605
9431
9323
1909
7957
2257
9518
7449
7969
7261
4829
7215
6085
3589
8132
9231
1914
1025
2877
2721
199
8222
2898
2220
6558
9803
1595
1468
2149
4800
7297
4662
6609
9170
8722
7927
5234
8203
8598
4217
5001
9274
3060
7537
5110
2225
6236
8682
1119
5343
2925
1447
4243
9427
4187
7886
7337
3841
9267
8184
1492
9403
9412
8676
5076
4367
3539
9331
6411
8821
2208
9933
5134
925
6312
4625
903
1450
630
804
1561
3196
7638
1494
4522
1466
7929
4440
1407
5236
5384
347
9176
4509
2007
3421
8959
3195
5008
9568
8413
969
6164
8453
1029
4295
1669
9572
2795
7921
3769
5295
7982
831
8109
9515
3982
6036
2892
3497
5075
4461
6139
4140
8942
5136
5286
987
2171
7446
8961
5583
9255
5339
7579
7098
4783
4042
6886
6203
3718
9016
8960
4624
6715
2276
4737
3006
3984
6175
9548
551
3235
791
2823
6421
2454
8958
2655
3823
8965
9999
7067
7364
4351
3466
4663
4812
982
2378
9203
3254
7724
7520
6166
4387
1299
1392
3417
2937
4268
440
6933
8291
4900
5913
6598
5046
2622
3285
2199
2369
6684
4883
1392
6922
8064
9961
1206
8535
3591
4627
6757
3466
7740
8389
6483
6341
1938
30
398
2284
4802
4768
7635
7561
4746
9485
6055
8332
7879
9419
5246
6679
6253
2364
459
6628
1027
5176
8767
3045
1379
7876
1636
9385
2623
8171
5526
3309
5518
6192
3272
3375
5251
8634
4143
6760
7007
1572
6854
1171
4004
6974
8539
7705
9875
3190
714
3130
3225
5824
4055
5081
5247
819
4332
5687
810
1007
2785
2576
8711
5489
7905
2225
9046
4553
47
7273
484
964
6145
7565
4087
1419
1485
7431
6865
3754
892
6737
1842
3715
42
7894
2604
906
7626
6031
7980
783
6716
5028
7905
8686
8096
2208
1696
5089
562
7343
3224
8489
7199
6013
5809
8692
4313
384
9854
7119
3644
7328
7144
2978
7804
6907
6968
5545
5475
965
2920
9986
3281
3063
9959
7453
3893
9189
7149
7526
9066
5011
9839
5544
4110
3655
9315
1840
9363
2866
610
420
1042
4037
5219
7781
8047
3481
1882
9149
6898
4091
3669
3962
8956
9483
6377
6677
9372
4221
4528
940
5849
3132
5239
275
3204
9761
7081
8328
6949
5636
2665
8496
5936
2039
5617
3032
4521
5096
2348
6924
4378
8374
6836
7932
5173
7898
921
7150
3293
9138
9266
2773
8183
5659
3231
104
9069
6479
1784
1173
6285
1720
3929
8862
61
7757
4672
399
3341
6885
7857
3700
6473
2886
2389
6129
6312
3295
675
2793
7722
6167
5198
9482
6859
555
4650
7187
390
8224
4197
1469
3541
1372
7511
683
2092
2178
6754
7456
1147
5642
4472
3646
109
6054
4089
2793
9855
2714
5856
2446
8080
9633
5770
6185
9795
1994
6200
4906
2505
6124
1635
890
766
3215
9475
6634
392
7892
8507
129
492
2655
5359
7822
7300
1598
3471
4950
4369
7729
756
5657
7041
375
2480
4823
210
4999
3311
580
5667
569
3221
8766
6802
5035
7464
5671
6457
409
4325
2363
1184
5788
5706
3433
9001
7637
2236
8003
3187